ARGs subtype	C0	C7	LP7	HP7	C15	LP15	HP15	C25	LP25	HP25	C40	LP40	HP40
aac(6')-Ib(aka aacA4)-01	1.35E-03	9.98E-06	8.10E-05	1.44E-04	3.00E-05	3.02E-05	1.90E-05	0.00E+00	0.00E+00	5.80E-04	0.00E+00	0.00E+00	3.83E-04
aac(6')-Ib(aka aacA4)-02	1.39E-03	3.30E-05	2.50E-05	1.71E-04	0.00E+00	3.55E-05	7.70E-05	7.17E-05	2.83E-05	1.23E-03	2.74E-05	2.24E-05	3.24E-04
aac(6')-Ib(aka aacA4)-03	2.90E-04	3.39E-06	0.00E+00	0.00E+00	0.00E+00	3.71E-05	2.85E-05	1.02E-05	0.00E+00	2.40E-04	0.00E+00	0.00E+00	0.00E+00
aac(6')-II	2.44E-04	3.88E-05	3.29E-05	2.16E-05	1.16E-04	4.16E-05	3.42E-05	0.00E+00	0.00E+00	0.00E+00	0.00E+00	1.13E-03	3.45E-04
aacC2	1.08E-05	0.00E+00	0.00E+00	0.00E+00	0.00E+00	0.00E+00	0.00E+00	0.00E+00	0.00E+00	0.00E+00	0.00E+00	0.00E+00	0.00E+00
aadA1	3.00E-03	9.58E-05	1.23E-04	1.18E-04	1.06E-04	1.02E-04	1.20E-04	1.67E-04	6.76E-05	7.20E-04	1.44E-05	0.00E+00	1.71E-04
aadA2-01	1.86E-04	0.00E+00	2.36E-05	2.26E-05	0.00E+00	0.00E+00	7.86E-06	0.00E+00	0.00E+00	0.00E+00	0.00E+00	0.00E+00	2.49E-05
aadA2-02	1.51E-04	0.00E+00	0.00E+00	1.63E-05	0.00E+00	5.39E-05	7.08E-05	0.00E+00	0.00E+00	0.00E+00	0.00E+00	7.12E-06	2.07E-05
aadA2-03	8.75E-04	5.89E-05	0.00E+00	2.96E-05	0.00E+00	4.84E-05	1.19E-04	1.77E-04	1.05E-05	3.05E-04	0.00E+00	1.99E-05	1.11E-05
aadA5-01	2.09E-05	0.00E+00	0.00E+00	0.00E+00	0.00E+00	0.00E+00	0.00E+00	0.00E+00	0.00E+00	0.00E+00	0.00E+00	0.00E+00	0.00E+00
aadA5-02	1.23E-05	0.00E+00	0.00E+00	9.16E-06	0.00E+00	1.51E-05	0.00E+00	0.00E+00	0.00E+00	0.00E+00	0.00E+00	0.00E+00	0.00E+00
aadA-01	7.03E-04	7.17E-05	0.00E+00	1.64E-05	8.22E-05	9.06E-05	6.92E-05	1.33E-04	1.07E-05	4.41E-04	0.00E+00	0.00E+00	0.00E+00
aadA-02	2.91E-03	1.44E-04	1.85E-04	1.52E-04	1.01E-04	7.72E-05	1.46E-04	3.30E-04	1.62E-05	5.62E-04	0.00E+00	0.00E+00	4.87E-05
strB	2.90E-04	5.26E-06	0.00E+00	8.33E-06	0.00E+00	0.00E+00	2.20E-05	8.74E-06	0.00E+00	6.21E-06	7.05E-06	1.04E-05	0.00E+00
ampC-02	1.92E-05	0.00E+00	0.00E+00	0.00E+00	0.00E+00	0.00E+00	0.00E+00	0.00E+00	0.00E+00	0.00E+00	0.00E+00	0.00E+00	0.00E+00
blaGES	2.19E-05	0.00E+00	0.00E+00	0.00E+00	0.00E+00	0.00E+00	0.00E+00	0.00E+00	0.00E+00	0.00E+00	0.00E+00	0.00E+00	0.00E+00
blaOXA10-02	0.00E+00	0.00E+00	0.00E+00	0.00E+00	0.00E+00	0.00E+00	6.11E-06	0.00E+00	0.00E+00	5.30E-06	0.00E+00	0.00E+00	0.00E+00
blaPSE	7.83E-05	6.69E-06	0.00E+00	1.36E-05	2.01E-05	0.00E+00	0.00E+00	0.00E+00	0.00E+00	0.00E+00	0.00E+00	0.00E+00	0.00E+00
blaTEM	1.26E-03	0.00E+00	0.00E+00	2.79E-05	0.00E+00	0.00E+00	0.00E+00	0.00E+00	0.00E+00	6.49E-05	0.00E+00	3.29E-04	4.93E-06
cmlA1-01	9.06E-05	0.00E+00	0.00E+00	0.00E+00	0.00E+00	0.00E+00	8.99E-06	0.00E+00	0.00E+00	0.00E+00	0.00E+00	0.00E+00	0.00E+00
cmlA1-02	7.90E-05	0.00E+00	0.00E+00	1.39E-05	0.00E+00	0.00E+00	1.18E-05	0.00E+00	0.00E+00	0.00E+00	0.00E+00	0.00E+00	0.00E+00
cmx(A)	3.64E-05	0.00E+00	0.00E+00	0.00E+00	0.00E+00	0.00E+00	0.00E+00	0.00E+00	0.00E+00	0.00E+00	0.00E+00	0.00E+00	0.00E+00
floR	1.29E-03	3.50E-05	1.07E-04	1.62E-04	5.86E-05	4.76E-05	6.67E-05	2.00E-05	9.47E-06	3.76E-04	2.65E-05	1.33E-05	4.06E-04
qnrA	4.77E-05	0.00E+00	0.00E+00	0.00E+00	0.00E+00	0.00E+00	0.00E+00	0.00E+00	0.00E+00	0.00E+00	0.00E+00	0.00E+00	0.00E+00
ereA	1.92E-03	5.64E-05	1.52E-04	2.12E-04	1.46E-04	6.38E-05	3.36E-05	2.28E-05	0.00E+00	2.21E-04	0.00E+00	0.00E+00	5.14E-04
mphA-01	2.77E-05	0.00E+00	0.00E+00	8.10E-06	0.00E+00	0.00E+00	0.00E+00	0.00E+00	0.00E+00	0.00E+00	0.00E+00	0.00E+00	0.00E+00
ermF	0.00E+00	0.00E+00	0.00E+00	1.18E-05	0.00E+00	0.00E+00	0.00E+00	0.00E+00	0.00E+00	0.00E+00	0.00E+00	0.00E+00	0.00E+00
acrA-01	0.00E+00	0.00E+00	0.00E+00	0.00E+00	0.00E+00	0.00E+00	0.00E+00	0.00E+00	0.00E+00	0.00E+00	0.00E+00	1.58E-05	0.00E+00
acrF	0.00E+00	0.00E+00	0.00E+00	0.00E+00	0.00E+00	0.00E+00	0.00E+00	0.00E+00	0.00E+00	0.00E+00	0.00E+00	6.94E-06	0.00E+00
mexF	4.04E-03	6.71E-04	8.26E-04	2.06E-03	7.70E-04	4.65E-03	2.47E-03	8.84E-04	4.04E-04	6.65E-04	3.60E-04	6.85E-04	6.69E-05
oprJ	0.00E+00	0.00E+00	0.00E+00	0.00E+00	0.00E+00	4.31E-05	0.00E+00	0.00E+00	0.00E+00	0.00E+00	0.00E+00	0.00E+00	0.00E+00
qacEdelta1-01	8.89E-04	0.00E+00	0.00E+00	0.00E+00	0.00E+00	2.53E-04	0.00E+00	0.00E+00	0.00E+00	0.00E+00	0.00E+00	0.00E+00	0.00E+00
qacEdelta1-02	6.03E-03	2.54E-04	0.00E+00	2.69E-04	0.00E+00	7.60E-04	4.39E-04	5.43E-05	0.00E+00	5.64E-05	7.07E-04	3.45E-05	0.00E+00
qacH-01	0.00E+00	2.04E-05	3.48E-05	1.79E-05	6.13E-05	0.00E+00	0.00E+00	0.00E+00	0.00E+00	0.00E+00	0.00E+00	1.40E-05	1.22E-05
qacH-02	4.72E-05	0.00E+00	1.20E-05	2.61E-05	0.00E+00	0.00E+00	0.00E+00	0.00E+00	0.00E+00	0.00E+00	0.00E+00	0.00E+00	0.00E+00
dfrA1	7.19E-04	2.78E-05	0.00E+00	1.26E-05	0.00E+00	9.56E-05	7.06E-05	8.33E-05	1.22E-05	1.29E-04	0.00E+00	0.00E+00	0.00E+00
sul2	4.27E-03	0.00E+00	1.63E-04	6.56E-05	0.00E+00	1.98E-03	3.20E-05	0.00E+00	0.00E+00	0.00E+00	0.00E+00	1.45E-05	0.00E+00
sulA/folP-01	0.00E+00	0.00E+00	0.00E+00	0.00E+00	0.00E+00	0.00E+00	0.00E+00	0.00E+00	0.00E+00	0.00E+00	0.00E+00	3.27E-05	1.94E-05
tetA-02	3.34E-05	0.00E+00	2.05E-05	0.00E+00	0.00E+00	0.00E+00	0.00E+00	0.00E+00	0.00E+00	0.00E+00	0.00E+00	0.00E+00	0.00E+00
tetG-01	1.28E-03	0.00E+00	0.00E+00	6.09E-05	0.00E+00	4.25E-05	1.08E-05	0.00E+00	0.00E+00	5.56E-05	0.00E+00	0.00E+00	0.00E+00
tetG-02	1.46E-03	0.00E+00	0.00E+00	2.88E-05	0.00E+00	8.06E-05	0.00E+00	0.00E+00	0.00E+00	0.00E+00	0.00E+00	0.00E+00	0.00E+00
tetR-02	1.83E-05	0.00E+00	0.00E+00	0.00E+00	0.00E+00	0.00E+00	0.00E+00	0.00E+00	0.00E+00	0.00E+00	0.00E+00	0.00E+00	0.00E+00
tet(34)	2.00E-05	0.00E+00	2.75E-05	9.45E-06	0.00E+00	0.00E+00	0.00E+00	0.00E+00	0.00E+00	0.00E+00	0.00E+00	1.41E-05	2.12E-05
tet(35)	0.00E+00	0.00E+00	0.00E+00	0.00E+00	0.00E+00	0.00E+00	8.22E-06	0.00E+00	0.00E+00	6.27E-06	0.00E+00	0.00E+00	0.00E+00
tetX	1.05E-05	0.00E+00	0.00E+00	0.00E+00	0.00E+00	0.00E+00	0.00E+00	0.00E+00	0.00E+00	0.00E+00	0.00E+00	0.00E+00	0.00E+00
vanSB	0.00E+00	0.00E+00	0.00E+00	0.00E+00	0.00E+00	0.00E+00	0.00E+00	0.00E+00	0.00E+00	0.00E+00	0.00E+00	7.55E-06	1.06E-05
